k1=-0.580000
k2=0.230000
cx=0.540000
cy=0.510000
