k1=0.000000
k2=0.000000
cx=0.500000
cy=0.500000
zoom=10
