k1=-0.626000
k2=0.289000
cx=0.500000
cy=0.500000
zoom=21
